0
0.001
0.002
0.003
0.003
0.004
0.005
0.009
0.013
0.014
0.015
0.016
0.017
0.018
0.019
0.02
0.021
0.022
0.024
0.025
0.027
0.028
0.029
0.03
0.031
0.032
0.034
0.035
0.036
0.037
0.039
0.04
0.041
0.042
0.043
0.048
0.049
0.05
0.051
0.053
0.054
0.055
0.056
0.058
0.059
0.06
0.061
0.062
0.063
0.068
0.069
0.069
0.069
0.07
0.071
0.071
0.071
0.068
0.066
0.066
0.066
0.066
0.066
0.066
0.066
0.066
0.067
0.067
0.066
0.066
0.065
0.064
0.064
0.064
0.064
0.064
0.063
0.063
0.063
0.062
0.06
0.06
0.06
0.059
0.059
0.055
0.054
0.054
0.054
0.053
0.053
0.053
0.052
0.05
0.049
0.048
0.048
0.048
0.048
0.043
0.046
0.046
0.046
0.047
0.049
0.049
0.049
0.049
0.048
0.048
0.048
0.049
0.049
0.049
0.048
0.05
0.049
0.049
0.049
0.05
0.05
0.052
0.052
0.052
0.053
0.054
0.054
0.054
0.054
0.056
0.058
0.059
0.06
0.061
0.061
0.062
0.064
0.065
0.065
0.066
0.066
0.065
0.067
0.068
0.069
0.071
0.072
0.072
0.073
0.075
0.073
0.074
0.075
0.074
0.073
0.074
0.075
0.076
0.077
0.078
0.079
0.083
0.084
0.085
0.086
0.084
0.085
0.086
0.087
0.087
0.088
0.088
0.089
0.09
0.089
0.089
0.09
0.093
0.093
0.093
0.092
0.092
0.092
0.093
0.093
0.092
0.092
0.091
0.091
0.091
0.091
0.092
0.091
0.091
0.091
0.09
0.09
0.09
0.089
0.088
0.087
0.087
0.086
0.085
0.084
0.083
0.082
0.081
0.08
0.079
0.079
0.074
0.073
0.072
0.072
0.072
0.071
0.07
0.069
0.068
0.067
0.066
0.065
0.064
0.064
0.063
0.062
0.059
0.058
0.056
0.055
0.053
0.051
0.049
0.049
0.048
0.046
0.045
0.044
0.042
0.042
0.041
0.04
0.039
0.038
0.037
0.035
0.034
0.033
0.032
0.031
0.029
0.028
0.027
0.026
0.025
0.024
0.023
0.022
0.021
0.019
0.021
0.02
0.019
0.018
0.017
0.016
0.016
0.015
0.014
0.013
0.015
0.015
0.014
0.013
0.012
0.011
0.01
0.01
0.01
0.01
0.01
0.01
0.01
0.009
0.009
0.009
0.009
0.009
0.009
0.008
0.008
0.008
0.008
0.008
0.008
0.008
0.008
0.008
0.008
0.008
0.008
0.008
0.008
0.008
0.008
0.008
0.008
0.008
0.008
0.008
0.005
0.005
0.005
0.005
0.005
0.005
0.004
0.004
0.004
0.004
0.001
0
0
0
0
0
0
0
0.001
0.001
0.001
0.001
0.001
0.001
0.001
0.001
0.001
0.001
0.001
0.001
0.001
0.001
0.001
0.001
0.001
0.001
0.001
0.001
0.001
0.001
0.001
0.002
0.002
0.006
0.015
0.028
0.044
0.061
0.08
0.098
0.116
0.134
0.151
0.169
0.185
0.202
0.219
0.236
0.252
0.268
0.284
0.299
0.314
0.329
0.344
0.358
0.373
0.387
0.4
0.413
0.427
0.44
0.453
0.466
0.479
0.491
0.503
0.516
0.528
0.54
0.552
0.563
0.574
0.586
0.598
0.611
0.622
0.635
0.648
0.66
0.67
0.679
0.685
0.684
0.679
0.672
0.663
0.654
0.644
0.634
0.625
0.616
0.607
0.596
0.589
0.58
0.571
0.563
0.555
0.547
0.542
0.535
0.527
0.519
0.512
0.505
0.495
0.488
0.478
0.471
0.464
0.458
0.452
0.446
0.44
0.434
0.428
0.422
0.417
0.41
0.404
0.399
0.394
0.388
0.382
0.374
0.368
0.361
0.355
0.348
0.343
0.338
0.336
0.338
0.338
0.337
0.335
0.328
0.321
0.316
0.311
0.307
0.304
0.301
0.297
0.294
0.293
0.289
0.286
0.282
0.276
0.273
0.27
0.267
0.263
0.26
0.258
0.256
0.256
0.255
0.252
0.249
0.246
0.242
0.238
0.236
0.234
0.232
0.229
0.227
0.224
0.222
0.22
0.218
0.216
0.215
0.213
0.21
0.206
0.203
0.201
0.2
0.199
0.196
0.195
0.193
0.19
0.192
0.193
0.193
0.19
0.186
0.182
0.18
0.178
0.176
0.17
0.168
0.167
0.166
0.164
0.163
0.162
0.161
0.16
0.159
0.158
0.155
0.155
0.155
0.155
0.154
0.153
0.153
0.153
0.152
0.151
0.149
0.148
0.148
0.148
0.147
0.146
0.146
0.145
0.144
0.144
0.144
0.144
0.145
0.144
0.145
0.146
0.146
0.146
0.146
0.146
0.145
0.144
0.144
0.145
0.146
0.148
0.148
0.146
0.143
0.142
0.141
0.137
0.134
0.132
0.128
0.125
0.122
0.119
0.116
0.114
0.112
0.108
0.103
0.099
0.096
0.093
0.09
0.087
0.084
0.081
0.078
0.075
0.072
0.069
0.066
0.063
0.059
0.056
0.053
0.05
0.047
0.044
0.041
0.039
0.034
0.03
0.028
0.025
0.022
0.02
0.018
0.016
0.013
0.011
0.009
0.006
0.004
0.003
0.003
0.003
0.001
0.001
0.001
0
0
0
0
0
0
0
0
0.001
0.001
0.001
0.001
0.001
0.001
0.001
0.001
0.002
0.002
0.002
0.002
0.002
0.003
0.003
0.005
0.005
0.005
0.005
0.005
0.005
0.005
0.005
0.006
0.006
0.007
0.008
0.009
0.01
0.011
0.012
0.012
0.013
0.013
0.014
0.016
0.017
0.018
0.019
0.02
0.022
0.023
0.025
0.027
0.03
0.033
0.034
0.036
0.038
0.039
0.04
0.042
0.044
0.045
0.047
0.049
0.05
0.052
0.053
0.057
0.06
0.062
0.066
0.067
0.07
0.07
0.072
0.077
0.079
0.082
0.085
0.088
0.095
0.097
0.101
0.103
0.105
0.109
0.111
0.114
0.119
0.122
0.126
0.129
0.132
0.134
0.137
0.142
0.144
0.146
0.15
0.149
0.152
0.153
0.155
0.156
0.159
0.162
0.164
0.169
0.17
0.172
0.174
0.177
0.182
0.185
0.189
0.192
0.195
0.198
0.199
0.203
0.205
0.208
0.213
0.215
0.219
0.219
0.223
0.228
0.23
0.234
0.23
0.232
0.236
0.238
0.245
0.245
0.248
0.249
0.25
0.251
0.253
0.256
0.259
0.26
0.265
0.265
0.269
0.273
0.273
0.282
0.282
0.289
0.291
0.293
0.298
0.298
0.301
0.301
0.304
0.308
0.31
0.315
0.314
0.315
0.317
0.317
0.32
0.32
0.323
0.328
0.328
0.331
0.329
0.332
0.334
0.335
0.338
0.338
0.34
0.341
0.344
0.348
0.346
0.348
0.346
0.347
0.351
0.354
0.354
0.358
0.358
0.362
0.361
0.364
0.362
0.363
0.366
0.365
0.367
0.365
0.367
0.366
0.365
0.368
0.366
0.372
0.373
0.373
0.376
0.374
0.375
0.373
0.373
0.379
0.378
0.38
0.38
0.379
0.381
0.376
0.378
0.378
0.378
0.382
0.38
0.381
0.379
0.378
0.38
0.378
0.38
0.379
0.381
0.384
0.382
0.385
0.382
0.382
0.384
0.383
0.387
0.384
0.385
0.388
0.387
0.389
0.386
0.388
0.388
0.388
0.394
0.392
0.394
0.393
0.393
0.392
0.39
0.392
0.391
0.392
0.397
0.399
0.401
0.396
0.397
0.397
0.395
0.397
0.394
0.395
0.397
0.395
0.398
0.394
0.395
0.397
0.396
0.398
0.394
0.395
0.395
0.393
0.395
0.392
0.395
0.395
0.394
0.396
0.394
0.394
0.392
0.391
0.395
0.393
0.395
0.393
0.393
0.395
0.393
0.394
0.389
0.389
0.391
0.387
0.39
0.387
0.389
0.391
0.389
0.39
0.385
0.384
0.385
0.384
0.387
0.388
0.393
0.397
0.398
0.401
0.4
0.402
0.401
0.4
0.403
0.401
0.403
0.402
0.403
0.406
0.405
0.407
0.404
0.406
0.406
0.403
0.404
0.401
0.401
0.405
0.401
0.404
0.4
0.397
0.399
0.402
0.403
0.4
0.401
0.401
0.398
0.4
0.396
0.399
0.398
0.397
0.396
0.392
0.394
0.394
0.396
0.4
0.398
0.399
0.397
0.395
0.393
0.387
0.388
0.386
0.383
0.385
0.383
0.389
0.386
0.386
0.386
0.384
0.385
0.381
0.38
0.381
0.38
0.38
0.377
0.378
0.379
0.378
0.378
0.373
0.375
0.374
0.375
0.378
0.376
0.373
0.373
0.373
0.375
0.372
0.375
0.374
0.375
0.378
0.375
0.377
0.377
0.377
0.379
0.378
0.38
0.375
0.375
0.377
0.375
0.378
0.376
0.377
0.379
0.378
0.381
0.379
0.381
0.378
0.378
0.38
0.379
0.381
0.383
0.384
0.388
0.385
0.387
0.387
0.387
0.39
0.389
0.391
0.392
0.394
0.397
0.396
0.396
0.394
0.393
0.395
0.393
0.394
0.392
0.394
0.395
0.393
0.395
0.392
0.395
0.393
0.393
0.395
0.393
0.393
0.391
0.39
0.39
0.386
0.387
0.386
0.386
0.388
0.384
0.384
0.382
0.38
0.381
0.378
0.377
0.375
0.374
0.374
0.37
0.37
0.367
0.367
0.368
0.364
0.364
0.36
0.359
0.359
0.356
0.355
0.35
0.349
0.349
0.347
0.347
0.344
0.344
0.342
0.34
0.34
0.335
0.335
0.332
0.33
0.329
0.328
0.327
0.325
0.323
0.324
0.32
0.32
0.319
0.319
0.32
0.316
0.316
0.315
0.317
0.318
0.316
0.316
0.312
0.312
0.315
0.313
0.314
0.311
0.311
0.311
0.309
0.31
0.305
0.306
0.306
0.305
0.308
0.305
0.306
0.306
0.307
0.309
0.306
0.308
0.307
0.307
0.309
0.31
0.311
0.31
0.311
0.312
0.311
0.313
0.31
0.311
0.313
0.312
0.312
0.309
0.309
0.31
0.309
0.311
0.31
0.312
0.312
0.309
0.308
0.305
0.305
0.304
0.304
0.305
0.303
0.304
0.303
0.303
0.305
0.303
0.303
0.301
0.301
0.302
0.301
0.302
0.298
0.298
0.298
0.295
0.294
0.291
0.291
0.292
0.293
0.293
0.29
0.289
0.291
0.291
0.294
0.295
0.299
0.299
0.3
0.303
0.301
0.303
0.304
0.306
0.31
0.309
0.311
0.311
0.31
0.313
0.312
0.314
0.314
0.317
0.321
0.322
0.325
0.325
0.324
0.327
0.327
0.33
0.328
0.329
0.333
0.334
0.338
0.338
0.34
0.342
0.342
0.345
0.345
0.348
0.35
0.351
0.354
0.349
0.349
0.349
0.35
0.352
0.349
0.349
0.347
0.346
0.345
0.343
0.344
0.341
0.341
0.342
0.34
0.34
0.337
0.338
0.338
0.336
0.337
0.334
0.334
0.334
0.333
0.333
0.33
0.33
0.329
0.327
0.328
0.324
0.324
0.323
0.324
0.326
0.322
0.323
0.321
0.32
0.322
0.317
0.319
0.317
0.319
0.32
0.318
0.319
0.317
0.319
0.32
0.319
0.32
0.318
0.319
0.321
0.321
0.321
0.318
0.318
0.318
0.318
0.32
0.318
0.32
0.319
0.318
0.319
0.318
0.319
0.318
0.317
0.319
0.316
0.317
0.315
0.311
0.313
0.311
0.313
0.312
0.315
0.319
0.317
0.32
0.317
0.318
0.318
0.317
0.318
0.314
0.317
0.317
0.316
0.316
0.314
0.315
0.314
0.314
0.318
0.316
0.317
0.316
0.315
0.317
0.314
0.314
0.313
0.313
0.315
0.313
0.313
0.31
0.309
0.31
0.309
0.311
0.308
0.308
0.309
0.308
0.31
0.307
0.308
0.308
0.307
0.312
0.309
0.31
0.309
0.308
0.309
0.304
0.305
0.302
0.302
0.303
0.301
0.302
0.301
0.301
0.302
0.3
0.302
0.3
0.299
0.3
0.299
0.3
0.296
0.296
0.298
0.297
0.298
0.296
0.299
0.3
0.299
0.301
0.299
0.299
0.3
0.3
0.302
0.299
0.3
0.301
0.301
0.302
0.3
0.301
0.3
0.3
0.302
0.3
0.301
0.301
0.304
0.306
0.304
0.305
0.302
0.303
0.304
0.302
0.303
0.302
0.303
0.305
0.304
0.307
0.305
0.305
0.305
0.304
0.306
0.304
0.304
0.304
0.304
0.306
0.299
0.3
0.3
0.299
0.299
0.297
0.298
0.297
0.297
0.3
0.298
0.299
0.299
0.296
0.298
0.295
0.297
0.295
0.297
0.302
0.304
0.306
0.305
0.306
0.308
0.306
0.303
0.301
0.304
0.305
0.305
0.307
0.306
0.308
0.31
0.31
0.312
0.31
0.311
0.31
0.311
0.314
0.313
0.315
0.315
0.316
0.319
0.318
0.32
0.319
0.323
0.326
0.326
0.327
0.325
0.326
0.328
0.327
0.33
0.328
0.329
0.332
0.333
0.338
0.336
0.337
0.337
0.338
0.34
0.335
0.336
0.336
0.336
0.338
0.335
0.336
0.338
0.34
0.341
0.339
0.34
0.342
0.343
0.345
0.343
0.344
0.343
0.345
0.348
0.347
0.348
0.346
0.346
0.347
0.346
0.348
0.346
0.346
0.347
0.346
0.349
0.346
0.347
0.348
0.348
0.351
0.349
0.351
0.35
0.35
0.352
0.349
0.346
0.346
0.345
0.347
0.346
0.347
0.345
0.345
0.345
0.344
0.345
0.344
0.345
0.348
0.347
0.346
0.344
0.346
0.348
0.344
0.345
0.343
0.344
0.345
0.344
0.344
0.341
0.342
0.342
0.342
0.345
0.344
0.347
0.346
0.345
0.347
0.344
0.346
0.345
0.344
0.345
0.343
0.343
0.34
0.339
0.339
0.337
0.338
0.338
0.338
0.341
0.339
0.341
0.339
0.339
0.34
0.338
0.339
0.336
0.336
0.336
0.334
0.335
0.331
0.332
0.332
0.331
0.332
0.328
0.328
0.327
0.327
0.328
0.326
0.327
0.326
0.325
0.326
0.324
0.325
0.322
0.321
0.319
0.317
0.319
0.317
0.318
0.318
0.316
0.318
0.316
0.319
0.32
0.319
0.321
0.317
0.317
0.318
0.315
0.317
0.314
0.315
0.313
0.311
0.314
0.314
0.315
0.314
0.313
0.315
0.313
0.315
0.314
0.314
0.314
0.312
0.313
0.311
0.312
0.314
0.312
0.311
0.31
0.309
0.31
0.308
0.309
0.306
0.307
0.306
0.307
0.308
0.306
0.306
0.306
0.305
0.307
0.305
0.306
0.306
0.305
0.305
0.303
0.304
0.303
0.305
0.308
0.305
0.306
0.304
0.304
0.305
0.305
0.307
0.304
0.301
0.302
0.301
0.303
0.3
0.3
0.301
0.3
0.302
0.298
0.299
0.299
0.297
0.297
0.293
0.293
0.295
0.293
0.294
0.292
0.294
0.295
0.295
0.296
0.295
0.294
0.293
0.293
0.295
0.293
0.294
0.292
0.291
0.293
0.291
0.291
0.288
0.288
0.289
0.29
0.291
0.288
0.288
0.289
0.288
0.289
0.287
0.287
0.288
0.287
0.289
0.288
0.289
0.288
0.288
0.29
0.287
0.29
0.289
0.291
0.292
0.291
0.292
0.293
0.294
0.297
0.296
0.3
0.299
0.298
0.298
0.296
0.297
0.296
0.297
0.298
0.297
0.299
0.298
0.298
0.3
0.3
0.301
0.297
0.297
0.299
0.299
0.301
0.299
0.297
0.297
0.297
0.3
0.301
0.301
0.301
0.301
0.303
0.299
0.3
0.299
0.298
0.301
0.3
0.301
0.3
0.299
0.299
0.298
0.299
0.298
0.298
0.303
0.3
0.301
0.298
0.296
0.294
0.294
0.296
0.294
0.295
0.295
0.294
0.296
0.294
0.295
0.294
0.293
0.295
0.292
0.291
0.291
0.292
0.294
0.291
0.291
0.29
0.29
0.293
0.292
0.294
0.294
0.294
0.296
0.295
0.296
0.294
0.296
0.297
0.296
0.297
0.294
0.295
0.296
0.295
0.298
0.295
0.296
0.296
0.295
0.299
0.294
0.296
0.296
0.296
0.299
0.297
0.298
0.296
0.295
0.297
0.296
0.297
0.295
0.296
0.297
0.296
0.297
0.295
0.295
0.298
0.297
0.298
0.296
0.297
0.299
0.298
0.299
0.297
0.297
0.297
0.293
0.292
0.29
0.291
0.291
0.29
0.292
0.29
0.291
0.293
0.294
0.295
0.293
0.294
0.292
0.292
0.293
0.292
0.293
0.29
0.29
0.291
0.29
0.291
0.289
0.289
0.29
0.29
0.292
0.289
0.289
0.29
0.289
0.289
0.287
0.287
0.288
0.291
0.294
0.291
0.291
0.291
0.291
0.293
0.291
0.291
0.291
0.29
0.292
0.29
0.292
0.291
0.291
0.292
0.29
0.292
0.291
0.291
0.292
0.289
0.288
0.286
0.286
0.287
0.285
0.286
0.284
0.284
0.284
0.283
0.284
0.282
0.282
0.282
0.282
0.284
0.282
0.283
0.283
0.285
0.286
0.283
0.283
0.282
0.28
0.28
0.277
0.275
0.273
0.273
0.278
0.276
0.279
0.277
0.276
0.276
0.274
0.274
0.271
0.27
0.271
0.269
0.269
0.266
0.266
0.265
0.262
0.263
0.256
0.256
0.255
0.254
0.256
0.253
0.255
0.254
0.253
0.254
0.253
0.254
0.253
0.253
0.254
0.253
0.254
0.252
0.252
0.254
0.255
0.253
0.252
0.252
0.254
0.253
0.256
0.256
0.257
0.257
0.255
0.255
0.249
0.25
0.248
0.248
0.251
0.253
0.254
0.254
0.254
0.256
0.253
0.254
0.252
0.252
0.254
0.253
0.254
0.252
0.255
0.255
0.253
0.253
0.25
0.249
0.249
0.248
0.248
0.249
0.248
0.247
0.245
0.245
0.243
0.241
0.241
0.24
0.24
0.236
0.234
0.234
0.233
0.235
0.232
0.233
0.232
0.231
0.232
0.23
0.231
0.231
0.231
0.232
0.23
0.229
0.227
0.224
0.225
0.224
0.225
0.223
0.223
0.224
0.225
0.226
0.224
0.224
0.225
0.225
0.228
0.227
0.228
0.23
0.23
0.233
0.232
0.233
0.234
0.231
0.233
0.232
0.233
0.233
0.233
0.236
0.234
0.235
0.235
0.235
0.237
0.236
0.237
0.236
0.238
0.238
0.238
0.241
0.24
0.242
0.243
0.242
0.244
0.242
0.243
0.245
0.244
0.246
0.244
0.245
0.245
0.245
0.248
0.246
0.248
0.249
0.249
0.252
0.254
0.255
0.254
0.254
0.256
0.254
0.255
0.258
0.258
0.259
0.258
0.259
0.257
0.257
0.258
0.256
0.257
0.255
0.255
0.256
0.256
0.257
0.254
0.255
0.255
0.254
0.254
0.253
0.252
0.25
0.249
0.249
0.247
0.248
0.247
0.246
0.248
0.246
0.247
0.245
0.246
0.247
0.246
0.247
0.245
0.246
0.246
0.244
0.245
0.242
0.239
0.239
0.237
0.239
0.238
0.24
0.243
0.238
0.24
0.238
0.238
0.236
0.236
0.239
0.238
0.24
0.24
0.24
0.242
0.239
0.238
0.237
0.237
0.238
0.237
0.237
0.237
0.238
0.24
0.239
0.241
0.239
0.239
0.24
0.239
0.242
0.24
0.241
0.246
0.25
0.252
0.251
0.252
0.253
0.252
0.253
0.251
0.252
0.253
0.253
0.256
0.255
0.257
0.256
0.255
0.255
0.251
0.253
0.253
0.254
0.258
0.259
0.26
0.258
0.259
0.26
0.259
0.261
0.26
0.261
0.262
0.262
0.264
0.262
0.262
0.263
0.261
0.261
0.259
0.259
0.258
0.258
0.259
0.257
0.257
0.257
0.256
0.258
0.252
0.249
0.247
0.247
0.248
0.246
0.247
0.245
0.245
0.247
0.245
0.246
0.244
0.245
0.246
0.245
0.246
0.245
0.246
0.246
0.244
0.244
0.24
0.24
0.24
0.238
0.238
0.236
0.236
0.235
0.234
0.236
0.235
0.238
0.237
0.237
0.239
0.238
0.238
0.237
0.24
0.244
0.243
0.244
0.243
0.243
0.244
0.241
0.241
0.24
0.24
0.24
0.238
0.238
0.236
0.236
0.236
0.236
0.237
0.234
0.234
0.233
0.232
0.233
0.23
0.23
0.228
0.227
0.227
0.224
0.224
0.223
0.222
0.224
0.223
0.226
0.229
0.229
0.229
0.227
0.227
0.224
0.224
0.222
0.221
0.222
0.222
0.222
0.223
0.222
0.22
0.215
0.214
0.213
0.213
0.214
0.213
0.217
0.217
0.214
0.215
0.213
0.214
0.212
0.215
0.216
0.216
0.216
0.214
0.213
0.214
0.213
0.213
0.21
0.211
0.211
0.211
0.212
0.21
0.211
0.211
0.21
0.211
0.208
0.207
0.205
0.2
0.201
0.2
0.201
0.201
0.202
0.203
0.201
0.201
0.199
0.196
0.196
0.194
0.195
0.193
0.194
0.195
0.194
0.194
0.192
0.192
0.19
0.189
0.19
0.188
0.188
0.187
0.187
0.186
0.184
0.182
0.182
0.182
0.183
0.182
0.185
0.183
0.182
0.183
0.181
0.181
0.181
0.181
0.18
0.179
0.179
0.178
0.177
0.178
0.176
0.176
0.176
0.177
0.176
0.174
0.175
0.171
0.17
0.17
0.171
0.172
0.171
0.172
0.171
0.17
0.171
0.17
0.172
0.171
0.171
0.17
0.168
0.17
0.169
0.168
0.17
0.17
0.17
0.168
0.169
0.169
0.167
0.168
0.167
0.166
0.164
0.165
0.166
0.164
0.169
0.169
0.166
0.168
0.167
0.167
0.167
0.168
0.17
0.169
0.171
0.171
0.168
0.17
0.17
0.171
0.17
0.172
0.173
0.171
0.171
0.17
0.169
0.17
0.172
0.173
0.171
0.171
0.169
0.169
0.171
0.173
0.175
0.175
0.175
0.176
0.175
0.177
0.178
0.177
0.179
0.178
0.179
0.179
0.18
0.181
0.18
0.181
0.181
0.184
0.185
0.185
0.186
0.185
0.186
0.187
0.188
0.189
0.188
0.188
0.19
0.191
0.192
0.191
0.191
0.195
0.194
0.196
0.197
0.198
0.2
0.2
0.201
0.2
0.198
0.199
0.199
0.2
0.202
0.202
0.203
0.201
0.199
0.199
0.199
0.199
0.198
0.197
0.198
0.196
0.192
0.193
0.193
0.193
0.192
0.192
0.193
0.194
0.194
0.19
0.188
0.188
0.188
0.188
0.188
0.188
0.187
0.188
0.188
0.188
0.188
0.187
0.188
0.187
0.187
0.184
0.184
0.183
0.182
0.182
0.182
0.183
0.183
0.183
0.184
0.184
0.184
0.185
0.184
0.184
0.185
0.185
0.186
0.185
0.185
0.187
0.187
0.188
0.187
0.189
0.194
0.194
0.194
0.194
0.192
0.192
0.192
0.192
0.192
0.193
0.193
0.193
0.193
0.193
0.195
0.195
0.198
0.196
0.196
0.196
0.195
0.195
0.194
0.194
0.194
0.193
0.195
0.194
0.194
0.194
0.193
0.192
0.192
0.193
0.192
0.192
0.192
0.191
0.191
0.191
0.189
0.188
0.186
0.187
0.188
0.187
0.187
0.188
0.187
0.187
0.183
0.183
0.183
0.184
0.19
0.189
0.189
0.188
0.189
0.19
0.19
0.19
0.19
0.19
0.189
0.189
0.187
0.187
0.187
0.187
0.187
0.187
0.187
0.188
0.189
0.189
0.187
0.188
0.188
0.187
0.187
0.185
0.184
0.184
0.184
0.183
0.183
0.182
0.181
0.181
0.181
0.181
0.186
0.186
0.185
0.183
0.183
0.181
0.181
0.181
0.182
0.182
0.181
0.181
0.177
0.177
0.177
0.177
0.177
0.176
0.174
0.174
0.174
0.175
0.174
0.173
0.173
0.173
0.173
0.173
0.172
0.172
0.171
0.171
0.17
0.17
0.171
0.17
0.17
0.171
0.17
0.174
0.175
0.178
0.178
0.181
0.181
0.182
0.183
0.183
0.183
0.184
0.18
0.18
0.18
0.181
0.182
0.183
0.184
0.181
0.184
0.184
0.185
0.185
0.188
0.188
0.188
0.188
0.187
0.188
0.189
0.19
0.19
0.19
0.191
0.192
0.192
0.193
0.194
0.195
0.196
0.196
0.198
0.199
0.2
0.2
0.2
0.201
0.202
0.203
0.205
0.204
0.204
0.202
0.202
0.2
0.201
0.201
0.201
0.202
0.202
0.202
0.203
0.204
0.206
0.206
0.206
0.205
0.204
0.208
0.205
0.205
0.205
0.205
0.202
0.204
0.203
0.202
0.203
0.203
0.202
0.201
0.201
0.202
0.201
0.2
0.2
0.199
0.198
0.198
0.197
0.198
0.197
0.196
0.195
0.195
0.195
0.197
0.196
0.195
0.193
0.192
0.192
0.191
0.189
0.187
0.187
0.186
0.186
0.186
0.186
0.185
0.184
0.184
0.182
0.183
0.182
0.182
0.183
0.183
0.183
0.183
0.183
0.184
0.185
0.183
0.185
0.186
0.188
0.187
0.188
0.191
0.191
0.192
0.192
0.193
0.193
0.193
0.195
0.195
0.196
0.195
0.196
0.198
0.199
0.2
0.201
0.202
0.202
0.203
0.203
0.203
0.203
0.203
0.206
0.207
0.208
0.209
0.209
0.21
0.21
0.212
0.213
0.214
0.215
0.214
0.216
0.216
0.217
0.217
0.218
0.218
0.219
0.222
0.221
0.222
0.222
0.222
0.22
0.221
0.22
0.217
0.217
0.216
0.218
0.215
0.215
0.215
0.214
0.214
0.213
0.213
0.212
0.211
0.211
0.21
0.212
0.208
0.209
0.209
0.209
0.21
0.21
0.211
0.21
0.213
0.213
0.213
0.212
0.211
0.211
0.211
0.211
0.21
0.212
0.213
0.213
0.213
0.212
0.212
0.212
0.212
0.211
0.208
0.209
0.208
0.207
0.207
0.203
0.202
0.203
0.204
0.204
0.204
0.202
0.207
0.207
0.208
0.208
0.207
0.207
0.207
0.207
0.206
0.206
0.206
0.203
0.204
0.203
0.203
0.204
0.204
0.204
0.203
0.203
0.2
0.2
0.199
0.2
0.2
0.2
0.2
0.199
0.199
0.196
0.195
0.194
0.194
0.194
0.194
0.195
0.196
0.197
0.198
0.198
0.199
0.2
0.199
0.203
0.204
0.204
0.204
0.205
0.206
0.207
0.205
0.206
0.206
0.206
0.208
0.21
0.211
0.212
0.215
0.214
0.215
0.216
0.217
0.218
0.218
0.217
0.217
0.217
0.218
0.221
0.221
0.221
0.222
0.222
0.222
0.223
0.222
0.222
0.222
0.222
0.222
0.226
0.226
0.226
0.225
0.223
0.222
0.222
0.22
0.219
0.218
0.218
0.219
0.219
0.219
0.219
0.221
0.22
0.219
0.218
0.217
0.217
0.216
0.215
0.213
0.211
0.21
0.209
0.207
0.207
0.206
0.206
0.205
0.205
0.204
0.204
0.203
0.205
0.204
0.204
0.204
0.203
0.203
0.202
0.202
0.2
0.2
0.2
0.199
0.199
0.2
0.196
0.196
0.196
0.197
0.198
0.199
0.198
0.199
0.199
0.199
0.199
0.199
0.199
0.201
0.2
0.197
0.197
0.196
0.199
0.198
0.2
0.199
0.201
0.201
0.201
0.201
0.201
0.201
0.201
0.201
0.201
0.201
0.201
0.203
0.203
0.203
0.201
0.204
0.201
0.201
0.201
0.201
0.202
0.202
0.202
0.202
0.202
0.202
0.202
0.2
0.2
0.2
0.2
0.2
0.199
0.198
0.198
0.195
0.195
0.195
0.194
0.194
0.195
0.193
0.193
0.194
0.195
0.197
0.197
0.198
0.198
0
0.004
0.008
0.016
0.02
0.025
0.031
0.037
0.043
0.048
0.056
0.06
0.064
0.071
0.075
0.079
0.085
0.091
0.096
0.1
0.106
0.11
0.114
0.121
0.125
0.129
0.133
0.137
0.141
0.145
0.15
0.154
0.158
0.164
0.168
0.172
0.177
0.183
0.187
0.192
0.197
0.2
0.203
0.209
0.213
0.217
0.222
0.226
0.23
0.234
0.239
0.239
0.239
0.237
0.237
0.236
0.236
0.235
0.234
0.233
0.231
0.231
0.231
0.231
0.232
0.233
0.232
0.235
0.235
0.238
0.238
0.239
0.239
0.24
0.241
0.242
0.244
0.245
0.246
0.246
0.246
0.247
0.247
0.248
0.248
0.248
0.248
0.246
0.246
0.245
0.246
0.247
0.247
0.248
0.248
0.248
0.247
0.247
0.247
0.246
0.247
0.246
0.246
0.245
0.244
0.243
0.241
0.24
0.239
0.238
0.237
0.236
0.234
0.233
0.235
0.233
0.232
0.228
0.227
0.224
0.222
0.22
0.219
0.216
0.214
0.213
0.211
0.21
0.209
0.208
0.207
0.205
0.204
0.203
0.205
0.204
0.205
0.204
0.204
0.203
0.202
0.204
0.205
0.204
0.204
0.203
0.201
0.201
0.201
0.202
0.201
0.202
0.201
0.202
0.205
0.205
0.206
0.206
0.206
0.207
0.207
0.208
0.209
0.212
0.208
0.209
0.211
0.21
0.213
0.213
0.214
0.214
0.216
0.218
0.22
0.221
0.223
0.224
0.226
0.229
0.231
0.235
0.237
0.24
0.239
0.241
0.241
0.243
0.245
0.247
0.248
0.248
0.249
0.251
0.252
0.254
0.26
0.261
0.265
0.267
0.268
0.269
0.271
0.271
0.268
0.27
0.271
0.272
0.275
0.276
0.277
0.278
0.279
0.277
0.278
0.278
0.275
0.275
0.273
0.273
0.273
0.274
0.275
0.273
0.271
0.27
0.268
0.269
0.266
0.266
0.264
0.261
0.259
0.256
0.254
0.255
0.252
0.251
0.25
0.249
0.248
0.246
0.244
0.242
0.241
0.24
0.238
0.236
0.233
0.231
0.228
0.227
0.225
0.225
0.226
0.224
0.222
0.221
0.222
0.22
0.218
0.217
0.216
0.214
0.213
0.214
0.216
0.216
0.215
0.214
0.213
0.212
0.209
0.209
0.209
0.208
0.208
0.206
0.207
0.206
0.205
0.205
0.206
0.206
0.208
0.206
0.209
0.209
0.209
0.208
0.208
0.209
0.21
0.209
0.209
0.209
0.21
0.21
0.209
0.21
0.212
0.213
0.214
0.217
0.216
0.217
0.218
0.218
0.214
0.215
0.216
0.216
0.216
0.215
0.215
0.213
0.212
0.213
0.213
0.213
0.213
0.213
0.213
0.212
0.211
0.211
0.211
0.21
0.207
0.205
0.206
0.206
0.204
0.202
0.2
0.199
0.197
0.196
0.195
0.196
0.195
0.194
0.194
0.194
0.193
0.193
0.191
0.191
0.191
0.189
0.188
0.189
0.188
0.184
0.185
0.186
0.186
0.185
0.185
0.184
0.184
0.185
0.186
0.187
0.188
0.189
0.191
0.19
0.19
0.192
0.193
0.194
0.194
0.195
0.197
0.198
0.2
0.201
0.206
0.208
0.209
0.21
0.213
0.215
0.217
0.219
0.221
0.223
0.223
0.224
0.225
0.225
0.225
0.225
0.227
0.226
0.226
0.226
0.226
0.226
0.226
0.223
0.223
0.222
0.223
0.221
0.222
0.222
0.224
0.225
0.223
0.221
0.22
0.219
0.218
0.217
0.215
0.215
0.214
0.213
0.212
0.212
0.215
0.213
0.212
0.211
0.209
0.208
0.205
0.204
0.203
0.202
0.2
0.199
0.197
0.196
0.195
0.197
0.197
0.196
0.195
0.196
0.197
0.197
0.196
0.197
0.198
0.199
0.2
0.202
0.202
0.204
0.205
0.206
0.205
0.206
0.207
0.207
0.205
0.206
0.207
0.209
0.21
0.211
0.213
0.213
0.218
0.217
0.218
0.218
0.218
0.219
0.217
0.219
0.219
0.219
0.221
0.221
0.222
0.222
0.222
0.222
0.222
0.221
0.222
0.218
0.219
0.215
0.215
0.215
0.215
0.215
0.213
0.213
0.213
0.212
0.211
0.21
0.208
0.207
0.207
0.206
0.206
0.205
0.205
0.205
0.205
0.205
0.204
0.206
0.205
0.205
0.205
0.204
0.203
0.203
0.2
0.201
0.201
0.201
0.201
0.201
0.201
0.2
0.201
0.204
0.204
0.205
0.206
0.208
0.209
0.211
0.213
0.215
0.218
0.221
0.222
0.223
0.224
0.226
0.226
0.226
0.227
0.227
0.228
0.228
0.229
0.229
0.23
0.231
0.231
0.232
0.231
0.231
0.231
0.23
0.231
0.231
0.231
0.228
0.228
0.227
0.226
0.228
0.225
0.225
0.224
0.225
0.224
0.224
0.224
0.223
0.222
0.222
0.221
0.22
0.219
0.218
0.216
0.215
0.217
0.215
0.214
0.212
0.209
0.209
0.207
0.207
0.205
0.203
0.202
0.201
0.201
0.2
0.2
0.2
0.2
0.2
0.203
0.202
0.201
0.201
0.202
0.203
0.203
0.204
0.201
0.202
0.203
0.204
0.205
0.205
0.206
0.204
0.208
0.209
0.21
0.207
0.207
0.211
0.211
0.212
0.213
0.214
0.217
0.215
0.215
0.215
0.214
0.214
0.21
0.213
0.213
0.213
0.213
0.213
0.213
0.212
0.212
0.213
0.214
0.214
0.214
0.214
0.213
0.213
0.211
0.211
0.207
0.208
0.208
0.205
0.204
0.203
0.203
0.201
0.2
0.199
0.198
0.198
0.197
0.193
0.192
0.191
0.189
0.188
0.186
0.188
0.188
0.184
0.183
0.181
0.18
0.178
0.176
0.175
0.175
0.174
0.174
0.173
0.173
0.171
0.17
0.167
0.166
0.165
0.164
0.164
0.164
0.163
0.162
0.165
0.164
0.163
0.162
0.162
0.161
0.161
0.161
0.161
0.161
0.162
0.162
0.161
0.161
0.162
0.162
0.162
0.162
0.161
0.161
0.164
0.164
0.163
0.162
0.161
0.16
0.159
0.158
0.158
0.157
0.157
0.156
0.156
0.154
0.155
0.154
0.154
0.154
0.154
0.154
0.151
0.151
0.153
0.152
0.152
0.15
0.149
0.148
0.147
0.146
0.141
0.14
0.142
0.141
0.139
0.138
0.137
0.137
0.135
0.134
0.133
0.133
0.131
0.13
0.129
0.128
0.128
0.127
0.127
0.126
0.125
0.125
0.125
0.125
0.126
0.126
0.125
0.125
0.125
0.124
0.123
0.124
0.124
0.125
0.125
0.124
0.124
0.124
0.126
0.125
0.126
0.129
0.129
0.13
0.129
0.131
0.131
0.132
0.135
0.135
0.135
0.137
0.135
0.136
0.138
0.14
0.141
0.14
0.142
0.143
0.145
0.145
0.15
0.151
0.152
0.153
0.153
0.153
0.153
0.156
0.155
0.155
0.155
0.156
0.156
0.156
0.157
0.157
0.157
0.158
0.158
0.161
0.16
0.163
0.162
0.162
0.162
0.161
0.158
0.158
0.157
0.152
0.151
0.154
0.155
0.153
0.153
0.152
0.15
0.149
0.149
0.149
0.148
0.148
0.147
0.146
0.145
0.145
0.145
0.145
0.144
0.144
0.14
0.14
0.139
0.138
0.137
0.137
0.137
0.134
0.135
0.135
0.135
0.135
0.134
0.134
0.134
0.134
0.134
0.134
0.135
0.132
0.131
0.128
0.127
0.127
0.128
0.128
0.129
0.129
0.129
0.131
0.132
0.129
0.13
0.131
0.132
0.132
0.133
0.136
0.137
0.137
0.138
0.139
0.14
0.141
0.142
0.142
0.142
0.142
0.142
0.142
0.145
0.144
0.145
0.142
0.145
0.145
0.145
0.146
0.146
0.146
0.146
0.146
0.147
0.148
0.148
0.149
0.149
0.15
0.149
0.15
0.152
0.152
0.156
0.156
0.156
0.157
0.157
0.16
0.16
0.16
0.16
0.16
0.16
0.161
0.161
0.162
0.162
0.162
0.16
0.16
0.16
0.159
0.159
0.158
0.158
0.161
0.159
0.159
0.159
0.16
0.157
0.157
0.157
0.161
0.161
0.162
0.163
0.163
0.165
0.167
0.168
0.169
0.17
0.17
0.171
0.171
0.171
0.173
0.174
0.174
0.174
0.174
0.173
0.173
0.173
0.173
0.173
0.171
0.172
0.174
0.174
0.174
0.172
0.171
0.171
0.171
0.169
0.168
0.17
0.169
0.168
0.168
0.168
0.168
0.168
0.165
0.166
0.166
0.165
0.165
0.166
0.166
0.166
0.166
0.164
0.163
0.161
0.161
0.159
0.158
0.158
0.157
0.156
0.155
0.151
0.151
0.15
0.147
0.146
0.148
0.147
0.146
0.145
0.145
0.145
0.145
0.145
0.145
0.144
0.142
0.142
0.142
0.144
0.144
0.145
0.144
0.144
0.143
0.143
0.143
0.143
0.145
0.144
0.144
0.144
0.145
0.144
0.143
0.143
0.142
0.141
0.14
0.139
0.138
0.137
0.137
0.137
0.135
0.135
0.137
0.136
0.135
0.134
0.133
0.135
0.134
0.133
0.132
0.132
0.129
0.129
0.13
0.128
0.127
0.126
0.128
0.126
0.125
0.125
0.125
0.124
0.123
0.124
0.122
0.12
0.12
0.12
0.121
0.12
0.119
0.118
0.115
0.115
0.114
0.113
0.112
0.112
0.112
0.112
0.112
0.112
0.112
0.112
0.111
0.11
0.11
0.11
0.111
0.111
0.108
0.108
0.108
0.108
0.108
0.109
0.109
0.112
0.113
0.113
0.113
0.113
0.112
0.114
0.115
0.115
0.113
0.113
0.113
0.113
0.114
0.115
0.115
0.114
0.116
0.118
0.118
0.118
0.117
0.117
0.119
0.121
0.122
0.123
0.123
0.124
0.126
0.127
0.128
0.127
0.128
0.129
0.13
0.131
0.132
0.135
0.136
0.137
0.14
0.141
0.143
0.145
0.146
0.151
0.153
0.154
0.156
0.155
0.157
0.158
0.162
0.163
0.164
0.165
0.165
0.167
0.168
0.173
0.173
0.174
0.174
0.173
0.174
0.176
0.176
0.175
0.175
0.175
0.175
0.175
0.177
0.176
0.175
0.175
0.175
0.174
0.172
0.171
0.17
0.171
0.171
0.17
0.169
0.169
0.168
0.165
0.164
0.163
0.159
0.158
0.155
0.153
0.152
0.147
0.145
0.143
0.141
0.14
0.138
0.137
0.134
0.133
0.132
0.13
0.129
0.127
0.126
0.124
0.124
0.123
0.122
0.122
0.121
0.118
0.118
0.117
0.117
0.116
0.116
0.118
0.115
0.115
0.115
0.115
0.116
0.116
0.116
0.116
0.116
0.116
0.116
0.116
0.116
0.115
0.117
0.119
0.119
0.119
0.12
0.12
0.121
0.121
0.121
0.121
0.121
0.121
0.123
0.122
0.122
0.122
0.121
0.122
0.122
0.123
0.123
0.125
0.125
0.122
0.122
0.124
0.124
0.124
0.123
0.123
0.121
0.121
0.121
0.121
0.121
0.119
0.118
0.118
0.118
0.117
0.116
0.116
0.116
0.115
0.115
0.115
0.114
0.114
0.113
0.114
0.112
0.111
0.11
0.109
0.112
0.111
0.114
0.114
0.115
0.116
0.116
0.116
0.114
0.112
0.112
0.111
0.111
0.11
0.11
0.109
0.109
0.108
0.109
0.11
0.11
0.108
0.109
0.109
0.111
0.112
0.116
0.116
0.116
0.116
0.116
0.116
0.116
0.116
0.116
0.117
0.117
0.117
0.117
0.118
0.119
0.119
0.119
0.119
0.119
0.119
0.119
0.119
0.121
0.122
0.12
0.12
0.117
0.118
0.117
0.117
0.119
0.119
0.119
0.122
0.122
0.123
0.123
0.126
0.126
0.13
0.13
0.129
0.128
0.128
0.128
0.128
0.127
0.127
0.126
0.126
0.123
0.123
0.123
0.123
0.122
0.121
0.121
0.121
0.121
0.121
0.121
0.122
0.122
0.122
0.121
0.121
0.12
0.12
0.121
0.121
0.121
0.121
0.12
0.119
0.118
0.119
0.119
0.118
0.118
0.118
0.116
0.118
0.118
0.117
0.117
0.117
0.117
0.114
0.114
0.111
0.112
0.112
0.112
0.111
0.111
0.111
0.11
0.11
0.11
0.11
0.11
0.11
0.11
0.11
0.111
0.112
0.113
0.113
0.113
0.113
0.113
0.112
0.113
0.113
0.114
0.115
0.116
0.118
0.119
0.121
0.121
0.122
0.123
0.124
0.122
0.123
0.123
0.124
0.124
0.127
0.127
0.125
0.125
0.125
0.126
0.126
0.126
0.126
0.129
0.129
0.129
0.129
0.13
0.13
0.13
0.131
0.134
0.134
0.134
0.135
0.135
0.135
0.136
0.137
0.138
0.139
0.139
0.139
0.139
0.139
0.138
0.138
0.138
0.138
0.138
0.137
0.137
0.136
0.135
0.134
0.135
0.134
0.137
0.137
0.14
0.139
0.139
0.139
0.139
0.137
0.138
0.138
0.139
0.14
0.14
0.141
0.141
0.142
0.139
0.141
0.14
0.14
0.14
0.141
0.142
0.142
0.14
0.14
0.141
0.142
0.142
0.143
0.143
0.143
0.144
0.143
0.143
0.143
0.144
0.146
0.148
0.149
0.149
0.149
0.15
0.151
0.152
0.152
0.152
0.152
0.152
0.153
0.15
0.15
0.15
0.151
0.153
0.151
0.151
0.151
0.149
0.152
0.152
0.151
0.15
0.149
0.149
0.148
0.148
0.147
0.147
0.147
0.146
0.145
0.145
0.144
0.144
0.144
0.143
0.143
0.143
0.142
0.142
0.142
0.14
0.14
0.139
0.139
0.138
0.137
0.137
0.136
0.136
0.135
0.133
0.135
0.134
0.133
0.133
0.133
0.133
0.132
0.132
0.131
0.13
0.13
0.128
0.129
0.129
0.129
0.13
0.127
0.127
0.127
0.127
0.127
0.127
0.127
0.13
0.13
0.13
0.13
0.131
0.132
0.131
0.132
0.132
0.135
0.135
0.134
0.134
0.134
0.135
0.135
0.135
0.136
0.137
0.138
0.138
0.138
0.137
0.138
0.139
0.142
0.142
0.139
0.138
0.138
0.139
0.139
0.14
0.14
0.141
0.141
0.141
0.141
0.143
0.144
0.144
0.143
0.146
0.146
0.147
0.147
0.147
0.147
0.147
0.147
0.144
0.144
0.144
0.147
0.147
0.148
0.148
0.151
0.151
0.148
0.148
0.147
0.146
0.149
0.149
0.148
0.151
0.149
0.149
0.149
0.149
0.149
0.148
0.147
0.146
0.145
0.145
0.145
0.146
0.146
0.145
0.144
0.142
0.142
0.141
0.141
0.14
0.139
0.137
0.136
0.136
0.136
0.133
0.135
0.134
0.135
0.135
0.136
0.138
0.137
0.138
0.137
0.138
0.135
0.132
0.131
0.131
0.128
0.128
0.128
0.131
0.131
0.135
0.132
0.132
0.132
0.129
0.131
0.131
0.131
0.131
0.13
0.131
0.131
0.132
0.131
0.131
0.132
0.131
0.131
0.132
0.133
0.134
0.134
0.135
0.135
0.137
0.138
0.138
0.139
0.14
0.142
0.142
0.144
0.144
0.145
0.144
0.144
0.14
0.141
0.14
0.14
0.139
0.139
0.143
0.142
0.142
0.142
0.143
0.143
0.141
0.141
0.138
0.138
0.138
0.137
0.137
0.137
0.137
0.136
0.136
0.136
0.136
0.136
0.136
0.135
0.135
0.135
0.138
0.139
0.139
0.138
0.138
0.138
0.138
0.138
0.137
0.138
0.138
0.137
0.137
0.135
0.135
0.131
0.132
0.13
0.131
0.131
0.133
0.133
0.134
0.134
0.134
0.134
0.134
0.134
0.134
0.134
0.132
0.132
0.131
0.132
0.132
0.133
0.133
0.135
0.134
0.136
0.136
0.137
0.137
0.137
0.138
0.138
0.138
0.138
0.138
0.138
0.136
0.136
0.135
0.135
0.134
0.135
0.135
0.136
0.136
0.136
0.136
0.137
0.137
0.138
0.139
0.14
0.14
0.141
0.142
0.143
0.146
0.147
0.148
0.149
0.15
0.15
0.15
0.151
0.15
0.15
0.151
0.152
0.153
0.153
0.154
0.153
0.153
0.153
0.155
0.153
0.152
0.151
0.154
0.154
0.153
0.153
0.153
0.154
0.154
0.155
0.154
0.153
0.154
0.154
0.154
0.153
0.153
0.152
0.152
0.151
0.15
0.15
0.149
0.148
0.147
0.146
0.147
0.146
0.145
0.144
0.141
0.14
0.139
0.138
0.138
0.138
0.138
0.137
0.138
0.138
0.137
0.137
0.136
0.135
0.134
0.134
0.135
0.134
0.133
0.134
0.135
0.139
0.137
0.137
0.136
0.136
0.135
0.134
0.134
0.132
0.133
0.133
0.133
0.135
0.135
0.135
0.134
0.134
0.134
0.134
0.136
0.135
0.136
0.135
0.135
0.136
0.135
0.135
0.135
0.136
0.135
0.135
0.135
0.135
0.135
0.135
0.134
0.135
0.135
0.135
0.135
0.134
0.136
0.136
0.137
0.138
0.136
0.136
0.137
0.138
0.138
0.135
0.136
0.137
0.139
0.138
0.139
0.14
0.141
0.145
0.145
0.146
0.146
0.145
0.146
0.15
0.151
0.152
0.153
0.157
0.156
0.157
0.158
0.16
0.16
0.16
0.161
0.162
0.165
0.165
0.166
0.167
0.168
0.169
0.168
0.169
0.17
0.17
0.171
0.172
0.173
0.174
0.174
0.175
0.175
0.174
0.175
0.176
0.176
0.176
0.176
0.176
0.176
0.175
0.174
0.176
0.176
0.176
0.176
0.175
0.175
0.174
0.175
0.174
0.173
0.17
0.17
0.169
0.169
0.166
0.166
0.165
0.164
0.165
0.165
0.165
0.164
0.164
0.162
0.162
0.161
0.16
0.163
0.162
0.163
0.163
0.163
0.163
0.163
0.164
0.164
0.163
0.162
0.161
0.16
0.161
0.16
0.16
0.159
0.158
0.157
0.156
0.155
0.155
0.156
0.156
0.156
0.156
0.156
0.156
0.156
0.157
0.157
0.157
0.158
0.156
0.156
0.157
0.157
0.158
0.158
0.158
0.158
0.158
0.157
0.159
0.158
0.157
0.157
0.159
0.16
0.163
0.159
0.159
0.16
0.16
0.16
0.16
0.159
0.158
0.158
0.159
0.159
0.159
0.158
0.157
0.157
0.156
0.157
0.157
0.157
0.157
0.157
0.157
0.156
0.157
0.156
0.155
0.154
0.153
0.153
0.152
0.153
0.153
0.153
0.155
0.154
0.153
0.152
0.152
0.155
0.156
0.157
0.156
0.159
0.158
0.159
0.16
0.16
0.159
0.159
0.157
0.158
0.16
0.16
0.16
0.16
0.16
0.162
0.161
0.161
0.161
0.163
0.166
0.169
0.171
0.172
0.173
0.173
0.174
0.176
0.177
0.179
0.18
0.182
0.182
0.183
0.185
0.186
0.188
0.189
0.19
0.19
0.19
0.192
0.193
0.195
0.199
0.201
0.202
0.2
0.2
0.202
0.201
0.201
0.2
0.2
0.201
0.201
0.202
0.203
0.203
0.205
0.204
0.207
0.207
0.207
0.208
0.207
0.207
0.207
0.207
0.206
0.203
0.202
0.201
0.201
0.201
0.201
0.201
0.2
0.2
0.198
0.197
0.196
0.195
0.196
0.195
0.195
0.193
0.192
0.194
0.192
0.192
0.189
0.188
0.186
0.182
0.18
0.178
0.177
0.177
0.174
0.174
0.173
0.173
0.172
0.171
0.17
0.169
0.167
0.167
0.164
0.163
0.158
0.158
0.158
0.157
0.156
0.157
0.157
0.157
0.157
0.157
0.156
0.156
0.157
0.156
0.155
0.154
0.153
0.152
0.153
0.153
0.152
0.152
0.151
0.15
0.15
0.149
0.149
0.146
0.146
0.145
0.145
0.145
0.145
0.145
0.146
0.146
0.145
0.144
0.144
0.143
0.142
0.141
0.142
0.141
0.143
0.141
0.141
0.139
0.139
0.138
0.138
0.138
0.137
0.136
0.136
0.136
0.136
0.135
0.135
0.135
0.136
0.136
0.135
0.136
0.137
0.137
0.138
0.139
0.14
0.142
0.143
0.143
0.143
0.143
0.143
0.144
0.145
0.145
0.146
0.147
0.147
0.146
0.146
0.146
0.146
0.146
0.147
0.147
0.149
0.148
0.148
0.149
0.148
0.149
0.148
0.149
0.149
0.151
0.152
0.153
0.153
0.153
0.154
0.153
0.151
0.15
0.15
0.153
0.153
0.152
0.151
0.151
0.15
0.149
0.149
0.148
0.147
0.146
0.145
0.143
0.142
0.143
0.146
0.147
0.147
0.147
0.146
0.146
0.146
0.146
0.147
0.15
0.148
0.148
0.148
0.148
0.148
0.148
0.148
0.15
0.15
0.152
0.152
0.152
0.152
0.152
0.152
0.152
0.153
0.152
0.152
0.153
0.152
0.154
0.157
0.158
0.158
0.155
0.156
0.156
0.156
0.157
0.157
0.159
0.159
0.16
0.161
0.162
0.163
0.163
0.164
0.163
0.159
0.159
0.159
0.159
0.159
0.159
0.159
0.16
0.159
0.157
0.159
0.159
0.161
0.161
0.16
0.159
0.158
0.157
0.158
0.156
0.157
0.157
0.157
0.157
0.158
0.157
0.158
0.159
0.159
0.158
0.157
0.157
0.157
0.16
0.158
0.158
0.157
0.158
0.16
0.159
0.159
0.157
0.157
0.157
0.156
0.155
0.155
0.154
0.154
0.154
0.156
0.155
0.155
0.155
0.154
0.154
0.153
0.151
0.149
0.152
0.151
0.151
0.149
0.148
0.148
0.15
0.152
0.153
0.152
0.152
0.151
0.151
0.15
0.149
0.148
0.148
0.146
0.145
0.145
0.144
0.144
0.144
0.143
0.139
0.139
0.139
0.139
0.138
0.135
0.134
0.133
0.136
0.135
0.134
0.135
0.135
0.133
0.133
0.132
0.132
0.13
0.13
0.128
0.127
0.13
0.13
0.131
0.132
0.134
0.135
0.135
0.135
0.134
0.134
0.134
0.133
0.13
0.13
0.131
0.132
0.132
0.132
0.133
0.133
0.133
0.133
0.134
0.134
0.134
0.134
0.134
0.136
0.135
0.135
0.137
0.137
0.138
0.138
0.139
0.141
0.141
0.138
0.139
0.139
0.138
0.138
0.139
0.143
0.143
0.144
0.144
0.144
0.143
0.143
0.141
0.141
0.141
0.14
0.142
0.138
0.138
0.139
0.139
0.139
0.139
0.139
0.14
0.139
0.138
0.137
0.136
0.135
0.137
0.136
0.136
0.136
0.134
0.135
0.135
0.137
0.138
0.135
0.136
0.136
0.135
0.135
0.134
0.134
0.134
0.134
0.135
0.136
0.136
0.136
0.137
0.138
0.138
0.135
0.135
0.136
0.136
0.137
0.143
0.142
0.142
0.143
0.143
0.144
0.142
0.143
0.143
0.146
0.147
0.147
0.145
0.146
0.145
0.145
0.145
0.146
0.146
0.146
0.143
0.142
0.142
0.141
0.141
0.14
0.139
0.138
0.137
0.137
0.138
0.138
0.138
0.137
0.136
0.135
0.135
0.135
0.134
0.133
0.133
0.133
0.132
0.131
0.129
0.128
0.128
0.126
0.125
0.124
0.12
0.123
0.122
0.121
0.12
0.119
0.119
0.117
0.117
0.112
0.111
0.11
0.111
0.11
0.109
0.109
0.108
0.107
0.107
0.107
0.107
0.108
0.107
0.108
0.107
0.106
0.106
0.105
0.105
0.105
0.104
0.103
0.104
0.105
0.104
0.104
0.104
0.103
0.102
0.104
0.102
0.101
0.1
0.099
0.099
0.098
0.097
0.098
0.098
0.097
0.098
0.095
0.094
0.094
0.093
0.092
0.091
0.092
0.091
0.092
0.092
0.095
0.096
0.095
0.095
0.094
0.095
0.094
0.093
0.093
0.093
0.093
0.093
0.092
0.091
0.092
0.093
0.094
0.094
0.093
0.093
0.093
0.091
0.092
0.092
0.093
0.093
0.093
0.094
0.092
0.094
0.094
0.095
0.096
0.097
0.1
0.1
0.099
0.098
0.099
0.099
0.099
0.1
0.099
0.1
0.101
0.102
0.103
0.104
0.104
0.105
0.103
0.107
0.108
0.109
0.11
0.11
0.111
0.112
0.112
0.113
0.113
0.114
0.119
0.121
0.121
0.122
0.123
0.123
0.124
0.125
0.126
0.127
0.129
0.129
0.129
0.128
0.129
0.129
0.129
0.129
0.129
0.129
0.132
0.132
0.13
0.132
0.133
0.136
0.136
0.136
0.135
0.136
0.137
0.137
0.137
0.137
0.136
0.136
0.136
0.137
0.135
0.132
0.132
0.132
0.13
0.13
0.133
0.133
0.133
0.135
0.135
0.135
0.131
0.131
0.131
0.13
0.129
0.13
0.13
0.13
0.13
0.13
0.128
0.129
0.129
0.13
0.129
0.131
0.131
0.131
0.131
0.131
0.128
0.128
0.129
0.128
0.128
0.126
0.126
0.126
0.13
0.13
0.13
0.13
0.13
0.131
0.132
0.132
0.132
0.131
0.132
0.132
0.133
0.13
0.132
0.133
0.132
0.133
0.133
0.128
0.129
0.13
0.13
0.13
0.13
0.13
0.13
0.129
0.129
0.129
0.129
0.129
0.131
0.131
0.131
0.135
0.136
0.135
0.135
0.135
0.135
0.136
0.134
0.134
0.132
0.133
0.134
0.135
0.135
0.136
0.134
0.135
0.136
0.136
0.135
0.134
0.134
0.134
0.137
0.138
0.139
0.139
0.139
0.142
0.143
0.143
0.144
0.142
0.143
0.147
0.147
0.147
0.148
0.149
0.15
0.15
0.152
0.152
0.152
0.153
0.152
0.153
0.151
0.151
0.152
0.149
0.15
0.149
0.149
0.15
0.151
0.149
0.152
0.152
0.153
0.153
0.151
0.151
0.152
0.152
0.152
0.15
0.15
0.15
0.151
0.151
0.151
0.153
0.15
0.15
0.149
0.148
0.148
0.148
0.147
0.146
0.144
0.146
0.145
0.145
0.144
0.145
0.145
0.144
0.143
0.142
0.14
0.141
0.141
0.141
0.141
0.14
0.14
0.14
0.14
0.139
0.139
0.139
0.14
0.139
0.138
0.139
0.139
0.14
0.14
0.14
0.14
0.139
0.137
0.136
0.135
0.139
0.139
0.139
0.139
0.139
0.138
0.136
0.138
0.136
0.136
0.136
0.135
0.134
0.133
0.133
0.132
0.131
0.131
0.13
0.13
0.128
0.128
0.128
0.128
0.13
0.13
0.129
0.132
0.131
0.131
0.131
0.131
0.131
0.13
0.131
0.129
0.129
0.128
0.129
0.129
0.129
0.129
0.13
0.129
0.129
0.129
0.129
0.131
0.132
0.132
0.129
0.129
0.129
0.129
0.132
0.132
0.132
0.13
0.132
0.131
0.131
0.132
0.133
0.136
0.137
0.137
0.138
0.139
0.141
0.141
0.141
0.142
0.142
0.143
0.143
0.143
0.144
0.141
0.142
0.143
0.147
0.148
0.148
0.148
0.148
0.149
0.149
0.15
0.15
0.15
0.149
0.149
0.147
0.149
0.148
0.148
0.149
0.148
0.149
0.15
0.149
0.149
0.149
0.15
0.148
0.15
0.15
0.15
0.152
0.154
0.154
0.155
0.155
0.154
0.154
0.154
0.154
0.154
0.152
0.152
0.152
0.152
0.152
0.152
0.152
0.152
0.151
0.152
0.152
0.155
0.151
0.153
0.153
0.154
0.153
0.152
0.152
0.151
0.151
0.152
0.153
0.155
0.155
0.155
0.156
0.156
0.156
0.156
0.158
0.158
0.158
0.156
0.156
0.155
0.155
0.153
0.153
0.156
0.155
0.154
0.154
0.153
0.153
0.154
0.154
0.156
0.155
0.157
0.157
0.157
0.157
0.156
0.156
0.156
0.155
0.155
0.156
0.156
0.156
0.152
0.152
0.149
0.149
0.149
0.149
0.149
0.149
0.147
0.147
0.146
0.146
0.144
0.144
0.143
0.142
0.141
0.14
0.14
0.137
0.136
0.136
0.137
0.136
0.136
0.136
0.136
0.135
0.132
0.131
0.131
0.131
0.13
0.129
0.127
0.126
0.123
0.123
0.12
0.12
0.12
0.12
0.12
0.119
0.118
0.119
0.117
0.116
0.115
0.115
0.118
0.118
0.119
0.118
0.118
0.119
0.119
0.119
0.121
0.12
0.12
0.12
0.121
0.121
0.121
0.121
0.122
0.123
0.123
0.122
0.122
0.122
0.123
0.123
0.123
0.123
0.123
0.124
0.124
0.124
0.124
0.124
0.127
0.127
0.125
0.125
0.126
0.126
0.128
0.128
0.128
0.128
0.128
0.127
0.126
0.125
0.126
0.126
0.126
0.125
0.122
0.124
0.123
0.123
0.122
0.121
0.12
0.12
0.12
0.119
0.119
0.121
0.12
0.119
0.119
0.12
0.119
0.118
0.118
0.117
0.117
0.116
0.116
0.116
0.116
0.115
0.115
0.118
0.117
0.116
0.116
0.116
0.114
0.114
0.116
0.116
0.116
0.116
0.114
0.114
0.114
0.114
0.114
0.115
0.116
0.116
0.117
0.117
0.117
0.117
0.118
0.116
0.117
0.118
0.118
0.12
0.121
0.121
0.122
0.124
0.127
0.125
0.128
0.128
0.128
0.128
0.128
0.128
0.128
0.129
0.13
0.131
0.132
0.133
0.133
0.132
0.131
0.13
0.132
0.132
0.133
0.134
0.135
0.135
0.136
0.138
0.138
0.139
0.14
0.141
0.14
0.141
0.142
0.142
0.143
0.144
0.144
0.145
0.146
0.147
0.146
0.149
0.149
0.148
0.149
0.148
0.148
0.149
0.149
0.149
0.147
0.148
0.147
0.148
0.149
0.15
0.155
0.157
0.158
0.159
0.158
0.16
0.161
0.161
0.161
0.164
0.166
0.165
0.165
0.165
0.165
0.165
0.166
0.167
0.167
0.167
0.167
0.167
0.167
0.166
0.168
0.167
0.167
0.168
0.167
0.168
0.168
0.168
0.168
0.167
0.168
0.165
0.165
0.166
0.165
0.165
0.165
0.165
0.165
0.164
0.163
0.163
0.161
0.16
0.159
0.158
0.156
0.154
0.154
0.153
0.154
0.156
0.154
0.153
0.153
0.151
0.149
0.148
0.149
0.149
0.148
0.148
0.146
0.145
0.143
0.142
0.141
0.14
0.139
0.138
0.137
0.139
0.138
0.137
0.14
0.138
0.138
0.14
0.14
0.142
0.14
0.14
0.14
0.139
0.141
0.141
0.14
0.139
0.139
0.14
0.14
0.139
0.14
0.14
0.14
0.139
0.136
0.137
0.137
0.14
0.139
0.135
0.136
0.136
0.138
0.138
0.138
0.14
0.138
0.138
0.138
0.137
0.139
0.139
0.142
0.14
0.14
0.141
0.141
0.141
0.141
0.139
0.14
0.139
0.136
0.139
0.139
0.137
0.136
0.134
0.136
0.136
0.138
0.138
0.136
0.135
0.135
0.135
0.133
0.131
0.131
0.13
0.129
0.129
0.128
0.127
0.127
0.126
0.125
0.121
0.121
0.121
0.123
0.123
0.121
0.121
0.121
0.119
0.119
0.119
0.119
0.121
0.119
0.119
0.116
0.118
0.118
0.116
0.117
0.116
0.116
0.115
0.114
0.115
0.115
0.112
0.111
0.11
0.11
0.111
0.11
0.108
0.106
0.106
0.105
0.106
0.106
0.106
0.109
0.11
0.11
0.111
0.111
0.115
0.116
0.119
0.12
0.121
0.12
0.121
0.122
0.122
0.121
0.12
0.12
0.122
0.123
0.123
0.124
0.124
0.125
0.126
0.127
0.127
0.128
0.129
0.13
0.131
0.132
0.134
0.134
0.136
0.137
0.137
0.139
0.142
0.144
0.145
0.147
0.147
0.148
0.151
0.151
0.152
0.154
0.156
0.156
0.157
0.154
0.155
0.156
0.158
0.159
0.157
0.158
0.159
0.159
0.159
0.162
0.164
0.164
0.166
0.165
0.167
0.168
0.169
0.169
0.172
0.173
0.174
0.174
0.172
0.172
0.173
0.177
0.178
0.178
0.178
0.178
0.179
0.18
0.182
0.182
0.183
0.184
0.184
0.183
0.183
0.183
0.183
0.183
0.184
0.184
0.184
0.184
0.184
0.185
0.185
0.188
0.187
0.187
0.186
0.186
0.188
0.188
0.187
0.187
0.187
0.187
0.185
0.186
0.185
0.185
0.185
0.185
0.184
0.184
0.182
0.182
0.183
0.183
0.184
0.185
0.185
0.182
0.182
0.18
0.181
0.184
0.184
0.184
0.182
0.182
0.183
0.182
0.186
0.187
0.187
0.188
0.188
0.189
0.189
0.189
0.189
0.191
0.192
0.193
0.194
0.195
0.196
0.197
0.199
0.2
0.197
0.198
0.2
0.2
0.201
0.202
0.204
0.204
0.209
0.21
0.211
0.211
0.213
0.214
0.214
0.214
0.213
0.214
0.214
0.214
0.215
0.215
0.215
0.217
0.217
0.215
0.215
0.216
0.216
0.217
0.216
0.215
0.21
0.209
0.209
0.208
0.208
0.207
0.206
0.206
0.208
0.206
0.206
0.205
0.204
0.203
0.202
0.202
0.201
0.2
0.201
0.201
0.201
0.201
0.2
0.199
0.198
0.202
0.198
0.198
0.198
0.199
0.199
0.199
0.201
0.205
0.213
0.224
0.235
0.248
0.263
0.28
0.294
0.311
0.327
0.342
0.358
0.374
0.391
0.406
0.425
0.441
0.456
0.471
0.486
0.499
0.511
0.524
0.537
0.55
0.56
0.572
0.581
0.593
0.604
0.615
0.626
0.636
0.646
0.656
0.666
0.675
0.682
0.693
0.702
0.71
0.718
0.722
0.73
0.736
0.744
0.752
0.757
0.764
0.77
0.773
0.771
0.766
0.763
0.755
0.746
0.737
0.729
0.719
0.71
0.7
0.69
0.679
0.669
0.658
0.645
0.634
0.623
0.614
0.605
0.597
0.589
0.581
0.573
0.563
0.555
0.547
0.538
0.529
0.521
0.511
0.503
0.495
0.488
0.48
0.472
0.465
0.457
0.448
0.441
0.435
0.427
0.42
0.413
0.407
0.399
0.393
0.386
0.38
0.373
0.366
0.36
0.354
0.346
0.339
0.332
0.324
0.316
0.31
0.304
0.297
0.29
0.283
0.275
0.269
0.262
0.256
0.25
0.244
0.24
0.233
0.228
0.223
0.218
0.214
0.21
0.206
0.203
0.2
0.196
0.193
0.19
0.186
0.181
0.177
0.173
0.169
0.166
0.163
0.164
0.16
0.158
0.156
0.154
0.152
0.151
0.148
0.149
0.148
0.148
0.148
0.148
0.148
0.148
0.15
0.15
0.15
0.15
0.149
0.148
0.146
0.146
0.148
0.149
0.15
0.152
0.155
0.158
0.16
0.16
0.163
0.165
0.169
0.171
0.173
0.175
0.177
0.179
0.182
0.186
0.189
0.194
0.198
0.202
0.206
0.21
0.214
0.218
0.222
0.222
0.225
0.228
0.23
0.231
0.231
0.232
0.234
0.234
0.234
0.234
0.234
0.233
0.232
0.231
0.231
0.231
0.231
0.231
0.231
0.23
0.231
0.231
0.23
0.229
0.227
0.226
0.224
0.221
0.219
0.217
0.214
0.211
0.206
0.203
0.201
0.198
0.195
0.191
0.186
0.182
0.18
0.174
0.17
0.167
0.163
0.164
0.161
0.158
0.154
0.15
0.148
0.146
0.143
0.141
0.141
0.139
0.135
0.132
0.13
0.127
0.127
0.127
0.127
0.127
0.125
0.125
0.125
0.127
0.127
0.128
0.129
0.128
0.131
0.132
0.133
0.133
0.133
0.134
0.134
0.135
0.137
0.138
0.139
0.14
0.139
0.14
0.141
0.142
0.144
0.145
0.145
0.149
0.15
0.151
0.152
0.147
0.148
0.148
0.148
0.149
0.148
0.147
0.147
0.147
0.145
0.146
0.147
0.147
0.147
0.148
0.146
0.145
0.144
0.143
0.142
0.141
0.139
0.135
0.133
0.131
0.13
0.13
0.126
0.125
0.124
0.123
0.122
0.12
0.119
0.117
0.115
0.114
0.113
0.112
0.113
0.113
0.11
0.109
0.107
0.107
0.106
0.102
0.101
0.099
0.098
0.099
0.099
0.099
